name: rtd
channels:
  - cdat/label/nightly
  - conda-forge
  - defaults
dependencies:
  - cdat_info
  - cdms2
  - cdtime
  - cdutil
  - dv3d
  - genutil
  - libcdms
  - libcf
  - libdrs
  - libdrs_f
  - vcs
  - vtk-cdat
  - asn1crypto=0.24.0=py36_1003
  - attrs=18.2.0=py_0
  - bzip2=1.0.6=1
  - ca-certificates=2018.11.29=ha4d7672_0
  - certifi=2018.11.29=py36_1000
  - cffi=1.11.5=py36h5e8e0c9_1
  - chardet=3.0.4=py36_1003
  - clapack=3.2.1=h470a237_1
  - cryptography=2.3.1=py36hdffb7b8_0
  - cryptography-vectors=2.3.1=py36_1000
  - curl=7.63.0=h74213dd_0
  - decorator=4.3.0=py_0
  - distarray=2.12.2=py_1
  - esmf=7.1.0r=h35eb876_3
  - esmpy=7.1.0r=py36_1
  - expat=2.2.5=hfc679d8_2
  - ffmpeg=4.0.2=ha0c5888_2
  - freetype=2.9.1=h6debe1e_4
  - future=0.17.0=py36_1000
  - g2clib=1.6.0=3
  - gettext=0.19.8.1=h1f1d5ed_1
  - ghostscript=9.22=hfc679d8_1
  - gmp=6.1.2=hfc679d8_0
  - gnutls=3.5.19=h2a4e5f8_1
  - hdf4=4.2.13=h951d187_2
  - hdf5=1.10.3=hc401514_2
  - idna=2.8=py36_1000
  - ipython_genutils=0.2.0=py_1
  - jasper=1.900.1=hff1ad4c_5
  - jpeg=9c=h470a237_1
  - jsonschema=3.0.0a3=py36_1000
  - jupyter_core=4.4.0=py_0
  - krb5=1.16.2=hbb41f41_0
  - lapack=3.6.1=1
  - libcurl=7.63.0=hbdb9355_0
  - libedit=3.1.20170329=haf1bffa_1
  - libffi=3.2.1=hfc679d8_5
  - libiconv=1.15=h470a237_3
  - libnetcdf=4.6.1=h350cafa_11
  - libpng=1.6.36=ha92aebf_0
  - libssh2=1.8.0=h5b517e9_3
  - libtiff=4.0.10=he6b73bb_1
  - mkl_fft=1.0.10=py36_0
  - mkl_random=1.0.2=py36_0
  - mpi=1.0=mpich
  - mpich=3.2.1=h26a2512_7
  - nbformat=4.4.0=py_1
  - ncurses=6.1=hfc679d8_2
  - netcdf-fortran=4.4.4=h71ea97b_10
  - nettle=3.3=0
  - openh264=1.8.0=hd28b015_0
  - openssl=1.0.2p=h470a237_1
  - ossuuid=1.6.2=hfc679d8_0
  - pycparser=2.19=py_0
  - pyopenssl=18.0.0=py36_1000
  - pyrsistent=0.14.7=py36h470a237_0
  - pysocks=1.6.8=py36_1002
  - python=3.6.7=h5001a0f_1
  - readline=7.0=haf1bffa_1
  - requests=2.21.0=py36_1000
  - setuptools=40.6.3=py36_0
  - six=1.12.0=py36_1000
  - sqlite=3.26.0=hb1c47c0_0
  - tk=8.6.9=ha92aebf_0
  - toolchain=2.3.0=0
  - traitlets=4.3.2=py36_1000
  - udunits2=2.2.27.6=h3a4f0e9_1
  - urllib3=1.24.1=py36_1000
  - x264=1!152.20180717=h470a237_1
  - xz=5.2.4=h470a237_1
  - zlib=1.2.11=h470a237_3
  - blas=1.0=mkl
  - intel-openmp=2019.1=144
  - libgfortran=3.0.1=h93005f0_2
  - mkl=2019.1=144
  - numpy=1.15.4=py36hacdab7b_0
  - numpy-base=1.15.4=py36h6575580_0
prefix: /Users/doutriaux1/miniconda3/envs/vcs

